1.17216255 0.16234956 0.1629909  0.15523238
0.08767336 0.09349358 0.08499283 0.14419823
0.14151313 0.11261998 0.11118881 0.10592824
0.04672943 0.05059179 0.04230781 0.09314535
0.19894322 0.13955621 0.13694463 0.11659962
1.         1.         1.         1.        
0.15323241 0.10445885 0.16318892 0.04288862
1.         1.         1.         1.        
0.14984285 0.19012201 0.18097637 0.26062059
0.23754483 0.36284826 0.28308057 0.20916974
0.39245586 0.33689245 0.28263075 0.16164549
1.         1.         1.         1.        
1.         1.         1.         1.        
0.27135045 0.38438852 0.50178114 0.35946014
0.5028232  0.71952808 0.66934691 0.62348173
1.         1.         1.         1.        
